0.54944396
0.9938636
0.81996715
0.9958949
0.9112348
0.9267433
0.7171683
0.95810544
0.94781584
0.9721538
0.762368
0.9642259
0.99764746
0.8916622
0.8981106
0.82378733
0.9131575
0.6073141
0.6487966
0.9952746
0.99615026
0.6793775
0.99625224
0.9917352
0.98681355
0.53845775
0.5091473
0.8020794
0.88982517
0.99246407
0.991833
0.6810393
0.8500836
0.60992676
0.9985839
0.8585737
0.96295446
0.9865935
0.9648465
0.9887166
0.8049188
0.97311056
0.6866634
0.77840525
0.9537384
0.6467596
0.88260657
0.92006683
0.61056495
0.99774384
0.93254864
0.9743338
0.720896
0.8403799
0.9901642
0.3824935
0.6746746
0.5161612
0.5228382
0.6804852
0.9983279
0.508284
0.99091595
0.96678615
0.68112195
0.8684905
0.949624
0.9054594
0.79108727
0.99512136
0.99838424
0.9450949
0.9462281
0.8478701
0.67329514
0.9736081
0.9989213
0.809933
0.80763614
0.6667518
0.9869971
0.9630777
0.998657
0.92497027
0.97096914
0.93416446
0.93613124
0.90244246
0.9978819
0.99527824
0.9588221
0.5297183
0.939569
0.7354846
0.88779724
0.95473856
0.991381
0.91109776
0.8991711
0.99462175
0.88927054
0.7755937
0.6420946
0.9786187
0.8550762
0.9881855
0.99813765
0.9950524
0.9786798
0.9405023
0.97822285
0.9973628
0.99748707
0.9953988
0.99891126
0.73380935
0.9986787
0.99668735
0.80820185
0.95604473
0.68226814
0.99843436
0.84013647
0.8472722
0.93715644
0.99735236
0.99681693
0.9315734
0.9827808
0.83192784
0.9837784
0.9977099
0.85415626
0.9718236
0.98146343
0.97715014
0.99369967
0.99890924
0.9982419
0.86737645
0.96691054
0.99287355
0.9774829
0.99007976
0.99630225
0.9243732
0.9980715
0.50414604
0.8551497
0.9978981
0.6515929
0.70809674
0.968834
0.99721175
0.8606121
0.5736738
0.9189567
0.88323
0.9714785
0.91664994
0.99203134
0.7266943
0.89636785
0.61837006
0.5034268
0.9595597
0.78062695
0.9632223
0.97889745
0.6494497
0.9854688
0.9980149
0.98345655
0.81762236
0.79045814
0.9858666
0.99683505
0.76281834
0.9233884
0.7346631
0.97319096
0.99588454
0.9094109
0.8146421
0.695495
0.82401156
0.64413804
0.9987668
0.8026355
0.9193356
0.9968757
0.7730856
0.97880894
0.98889405
0.997775
0.97555286
0.9056817
0.9976725
0.9855466
0.8738498
0.98326623
0.99331
0.8839109
0.9056071
0.58838016
0.9900024
0.99751973
0.83382213
0.6088751
0.99618846
0.9950353
0.99441624
0.9945304
0.9988418
0.9976678
0.89736986
0.9941976
0.9989342
0.9833297
0.94711405
0.9989766
0.46134573
0.7843088
0.8576296
0.8616223
0.56702644
0.9163494
0.97069746
0.7850146
0.9770722
0.9787911
0.9374684
0.82414883
0.9967006
0.92353296
0.7678278
0.7843007
0.81436425
0.6442301
0.9439315
0.9933588
0.9954522
0.91318524
0.504352
0.9291836
0.67544127
0.99804914
0.82848656
0.6311251
0.7328319
0.90900314
0.96014476
0.99827397
0.99710554
0.94019777
0.6989419
0.9919122
0.7487773
0.7218005
0.90531844
0.9977436
0.96898603
0.8407616
0.96070355
0.59367967
0.5412292
0.9875432
0.9923298
0.60417616
0.6140446
0.9975933
0.502614
0.77484584
0.9982362
0.9144509
0.84841394
0.5555352
0.53860015
0.9353006
0.98601633
0.50323546
0.7901153
0.9955735
0.9929958
0.7877638
0.9980782
0.8354906
0.8021256
0.9845094
0.9457979
0.6697729
0.9908523
0.95023435
0.9975514
0.88525873
0.9904765
0.99179006
0.8264511
0.99414706
0.9711043
0.9711238
0.78449583
0.76805735
0.60122895
0.98931247
0.9757893
0.5224868
0.9721786
0.80286956
0.7294088
0.8542725
0.99840873
0.9930548
0.94962174
0.7324919
0.9913352
0.9897569
0.89965385
0.9979292
0.77327496
0.9970103
0.64632124
0.99221206
0.99717456
0.8432955
0.9471425
0.849359
0.80409074
0.97806966
0.5293167
0.93806165
0.9033636
0.84679306
0.9060863
0.54504067
0.9563944
0.9914362
0.9823836
0.617367
0.9887522
0.8884211
0.9989592
0.77104974
0.5391123
0.99321896
0.9900265
0.9828765
0.9985812
0.7147239
0.8639531
0.9766986
0.97691685
0.9861616
0.5986059
0.9686485
0.98704624
0.99597496
0.93357766
0.6526055
0.9975576
0.8022918
0.8022876
0.9439068
0.6170567
0.8537757
0.8038709
0.8604904
0.9833446
0.63295573
0.8310144
0.9598018
0.59440947
0.5962616
0.9211354
0.5090479
0.9789249
0.9983907
0.96097136
0.9780854
0.9921604
0.880215
0.99196035
0.9466349
0.98947364
0.59443086
0.9790974
0.5715571
0.9934243
0.76140106
0.6937689
0.66068643
0.9161709
0.7907525
0.964374
0.6324574
0.63858354
0.9468543
0.72627324
0.6738181
0.8085639
0.8669754
0.5086438
0.99492764
0.6745063
0.8818375
0.97382206
0.9499565
0.96748203
0.7307721
0.9613123
0.866555
0.68423235
0.9962035
0.9133992
0.99009806
0.9981008
0.99896526
0.6798866
0.9839371
0.9482206
0.9419081
0.992207
0.93868184
0.58428985
0.9427918
0.9936662
0.99892825
0.858449
0.9680706
0.6744208
0.99474216
0.95952994
0.6035913
0.62545127
0.7626791
0.99874085
0.60935605
0.9883866
0.8777078
0.9979384
0.6402794
0.9724163
0.90620744
0.93416435
0.9687062
0.68851036
0.9931295
0.9971109
0.73875505
0.8900005
0.75269103
0.97314113
0.8335104
0.9706569
0.99920446
0.9934917
0.63134
0.99640596
0.93479466
0.9996972
0.9983272
0.9999958
0.9970323
0.71187866
0.9995043
0.8800132
0.7017419
0.9315551
0.79298127
0.93148726
0.99388653
0.9667777
0.53517985
0.9920562
0.99447554
0.9999807
0.9961085
0.9458171
0.7823923
0.98396593
0.9461887
0.99991024
0.99193364
0.9989605
0.9928515
0.9564715
0.9845828
0.9990971
0.97186244
0.99873906
0.92760867
0.87676895
0.9988844
0.8576274
0.6655473
0.9975297
0.9999796
0.9965229
0.9881186
0.9896478
0.7627218
0.9996308
0.9965479
0.99935526
0.9999175
0.99999976
0.99920446
0.99999726
0.8710935
0.999998
0.97343713
0.9989924
0.9997683
0.99073553
0.83643484
0.9654295
0.83521354
0.5779763
0.99808586
0.897164
0.8989108
0.99998546
0.9962017
0.9999672
0.99953675
0.9731075
0.99690634
0.92240983
0.9973556
0.8055222
0.96726674
0.9422674
0.89637274
0.94730633
0.987852
0.83309895
0.96600515
0.9999467
0.9980823
0.56944335
0.9382645
0.7169791
0.9741513
0.80025685
0.83853537
0.9999485
0.9999237
0.98819995
0.99573463
0.9999366
0.9950328
0.9382221
0.96160185
0.9999989
0.9960867
0.9868889
0.99687237
0.87302434
0.93738985
0.93643385
0.99971056
0.9759771
0.9947948
0.9984671
0.83160895
0.999495
0.9431523
0.9938958
0.96164644
0.9896383
0.9996039
0.9909697
0.97208494
0.9989523
0.97233677
0.9725239
0.99884254
0.8734762
0.65908617
0.9990019
0.9915106
0.98958254
0.974905
0.8402282
0.99990916
0.8498309
0.7907921
0.52204263
1.0
0.99220324
0.99686563
0.91156685
0.99997795
0.9998845
0.6088458
0.94656354
0.88741153
0.99008113
0.9923735
0.99965584
0.9558393
0.9999907
0.98075676
0.9999206
0.93195665
0.99967253
0.9953856
0.99912375
0.99825877
0.99999774
0.5373311
0.86247253
0.9999918
0.8171274
0.9834071
0.9621891
0.99824345
0.51331973
0.9995915
0.91753805
0.8993779
0.99217695
0.9990092
0.9542051
0.812202
0.99542916
0.9933148
0.9996916
0.98840034
0.65423965
0.9985368
0.9999764
0.56405115
0.9999938
0.9978237
0.60115963
0.66679186
0.99972373
0.9481007
0.93889713
0.9999653
0.99978584
0.99996483
0.9816483
0.842258
0.74795306
0.60739076
0.9994733
0.9797325
0.99998
0.96080315
0.9995604
0.9867069
0.8812118
0.9997377
0.9972708
0.9970546
0.95908046
0.9124898
1.0
0.9999925
0.99989855
0.56607854
0.86226135
0.999572
1.0
0.7272175
0.99990976
0.96740574
0.99996483
0.9999672
0.999998
0.904896
1.0
0.9998011
0.9934784
0.999985
0.9999999
0.9999968
0.9999974
0.99740833
0.9999999
0.997568
0.9560836
0.9813861
0.9708402
0.9981331
0.88212776
0.9998987
0.9999987
0.9999969
0.9999981
0.9997731
0.9998159
0.9999999
0.9203618
0.99796164
1.0
0.99999106
0.9999994
1.0
0.99855167
0.8845991
0.9999951
0.9994987
0.81115246
0.716854
0.99998415
0.9999993
0.92065644
0.9926911
0.9999367
0.8911942
0.999831
0.9959149
0.9761677
0.6964392
0.9979518
0.755368
0.777186
0.99997115
0.803654
0.9219005
0.6260924
0.99883777
0.85956526
0.99500626
0.519019
0.9993849
0.9094333
0.998038
0.9585286
0.9995309
0.9999945
0.9639319
0.9958657
0.99029857
0.98683107
0.79751253
0.98062783
0.99997425
0.9983785
0.67394555
0.9997521
0.9419162
0.6655846
0.9928295
0.97787434
0.99672574
0.99697876
0.99997187
0.99186105
0.99985385
0.99999774
0.97662383
0.9999994
0.9999981
0.9689001
1.0
0.99999344
0.9998302
0.97825855
0.9962676
0.7977496
0.9999629
0.99850476
0.87128526
0.999982
0.960909
0.999998
1.0
0.99758327
0.9999819
0.9999565
0.9977975
0.8586115
0.84178483
0.9994205
0.96122634
0.9978502
0.999243
0.99770564
0.9958753
0.999987
0.99998355
0.6034387
0.99977666
0.9173777
0.9999634
0.99998987
0.99999976
0.92855173
0.9685916
0.9999995
0.99999976
1.0
0.9999939
0.9999982
0.99999785
1.0
0.998713
0.9999856
0.99996674
0.9994947
0.997194
0.9730003
0.9999316
0.5643465
0.96403694
0.99105823
0.94753426
0.99985063
0.99973863
0.9999459
0.9730398
0.99921304
0.9885914
0.9999981
0.9937636
0.99999666
0.99999404
0.99999166
0.99999857
0.99336
0.99999475
0.9999889
0.9999974
0.99981695
0.9999994
0.99999845
0.9999987
0.9992555
0.99999344
0.9999988
0.99989295
0.99999905
0.99997973
0.9949502
0.9999863
0.9273139
0.999997
0.9999908
0.99996865
0.9989021
0.99999917
0.9999988
0.9995241
0.9999999
0.9995782
0.9999958
0.9961679
0.99994147
0.99959236
0.9993802
1.0
0.9999436
0.99999905
0.99999857
0.9997002
0.9999732
0.99996614
0.9999794
0.9999858
0.99757016
0.9031684
0.8490361
0.9957916
0.987583
0.99999976
0.99897885
0.99881077
0.9999882
0.99984837
0.99995995
0.9999989
0.9995598
0.99885
0.99822074
0.99891007
0.9999999
1.0
0.9999999
0.999832
0.99904156
0.9988675
0.7547035
0.99999964
0.9996245
0.9999969
0.9999292
0.99999166
0.9999993
0.9999645
0.99077785
0.99999404
0.9999995
0.9999993
0.9999949
0.9997359
0.9961757
0.99954677
0.9999858
0.99998605
0.99998546
0.99954665
0.9978847
0.9973466
0.96407574
0.9996582
0.9999776
0.9935108
0.9997545
0.9999443
0.508003
0.9999864
0.9999646
0.9999759
0.99113363
0.9999993
0.683732
0.9923517
0.6750826
0.99999475
0.99998796
0.9993198
0.9023008
0.98810565
0.5575546
0.9854681
0.9993886
0.68880886
0.99995065
1.0
0.91096306
0.99892825
0.9999566
0.99999344
0.9997857
1.0
0.9999269
0.9993599
1.0
0.99998236
0.9999988
0.81364626
0.9938956
0.99999714
0.999718
0.8941993
0.9999995
0.52663237
0.9995272
0.3990109
0.9893384
0.9997601
0.9950241
0.9999877
0.9997905
1.0
1.0
0.99993086
1.0
1.0
0.9999889
1.0
0.9999999
0.9999989
1.0
0.999998
0.99891293
0.9987379
0.9999999
0.99996924
1.0
0.9999981
1.0
0.9796154
0.49618313
0.999752
0.99998736
0.9962865
0.76168245
0.96317315
0.95657617
0.5037169
0.6157715
0.70421517
0.6936717
0.99403083
0.43223584
0.772083
0.84517664
0.9604354
0.53565913
0.87821716
0.58288187
0.9927568
0.53951997
0.9972082
0.788407
0.98890966
0.99696195
0.985808
0.99827313
0.9957767
1.0
0.9998104
1.0
0.78913414
0.9852968
0.9994709
0.9939908
0.9021002
0.99017954
0.8932134
0.9963779
0.8902739
0.99015766
0.5622842
0.5182478
0.9874241
0.54107493
0.94194764
0.98807204
0.9988262
0.85019404
0.59252566
0.86198646
0.678952
0.72864497
0.86051464
0.96610564
0.90079504
0.898227
0.8824105
0.96415484
0.9759418
0.9075503
0.60252523
0.99747604
0.97799015
0.76505834
0.99182385
0.9746223
0.7711569
0.6832264
0.5312565
0.7184654
0.6275569
0.9876129
0.4963424
0.50353783
0.91836315
0.9640803
0.6942994
0.8773326
0.98343396
0.8174783
0.7516859
0.59942937
0.38644934
0.9999356
0.8551883
0.9986982
0.95948416
0.98899406
0.9786306
0.99853086
0.9959468
0.8000208
0.88395905
0.747677
0.9992411
0.6474547
0.99399227
0.8676067
0.99991465
0.83326036
0.99791485
0.5342499
0.8139497
0.94567746
0.768701
0.9962223
0.98137623
0.9992742
0.73669255
0.9999976
0.50374275
0.9816382
0.54915464
0.94454086
0.9988208
0.8063505
0.8623119
0.9556143
0.99919206
0.5229203
0.8622074
0.99927455
0.82760674
0.77637523
0.9947732
0.8594692
0.89284736
0.9961188
0.99966574
0.74584115
0.9998938
0.8857417
0.9986381
0.9761826
0.9993742
0.99966276
0.99561477
0.9999969
0.99999535
0.9999951
0.9999434
0.9997193
0.9999777
0.99999917
0.9882266
0.9999988
1.0
1.0
0.99999964
0.99998415
0.99999547
0.9999994
0.9998864
1.0
0.9999994
1.0
0.9999988
0.9999925
0.99999976
0.99999166
0.9999515
1.0
0.99998593
0.99999535
0.9999957
0.999997
0.99999964
0.999962
1.0
0.9999629
0.99999905
1.0
1.0
0.99999905
1.0
1.0
1.0
0.99984825
0.9999995
0.9999863
0.99999785
0.9999999
0.99999595
0.9963291
0.99998724
0.99999964
1.0
0.9999088
0.9999994
0.99995315
0.99978584
0.99905556
0.99999976
0.9999956
0.99996483
0.9954154
0.7982326
0.95986325
0.5554197
0.9999819
0.9999851
0.8991601
0.9947438
0.99999726
1.0
0.9999132
0.99999964
0.99999905
0.9999999
0.99999964
1.0
0.9999896
0.89940536
0.9826943
0.9993827
0.99623674
0.9801357
0.99700826
0.9423639
0.59843236
0.9919133
0.91849124
0.55709505
0.56589967
0.8024438
0.85086966
0.86920464
0.8593305
0.9936917
0.7825542
0.8211343
0.9889733
0.961985
0.9592699
0.9938986
0.9607094
0.9105894
0.99818206
0.99595004
0.9998597
0.7497857
0.86594665
0.9427096
0.99937755
0.6458486
0.9987223
0.9554717
0.7128378
0.99620384
0.61904496
0.994216
0.9890183
0.9840313
0.5692422
0.9993166
0.99713236
0.50112015
0.7791571
0.98702836
0.86481726
0.6640418
0.9988459
0.99963427
0.8499025
0.99368215
0.961701
0.99995315
0.999808
0.99982876
0.99954784
0.9989784
0.9342015
0.99705446
0.9994622
0.96127814
0.99999356
0.9786523
0.9629831
0.9973335
0.98121154
0.97302616
0.554187
0.9909576
0.9623913
0.999824
0.947685
0.9977067
0.7939857
0.99996793
0.8448588
0.9990177
0.9970495
0.9811849
0.8719151
0.99596965
0.9999881
0.9994888
0.9500966
0.9988167
0.99889594
6
3
4
3
3
4
4
3
3
4
4
4
3
4
3
3
4
6
6
4
4
4
3
3
3
4
3
4
4
3
3
3
3
4
3
4
4
4
3
4
3
3
4
4
3
3
3
3
3
3
4
4
3
3
4
4
4
4
4
4
4
4
4
4
6
4
4
4
3
4
4
4
4
3
3
4
3
4
4
3
3
4
3
3
3
3
3
3
3
3
3
3
3
3
3
4
4
3
3
4
3
4
3
3
4
3
3
3
4
4
4
3
6
3
3
4
3
3
4
4
3
3
3
3
3
3
4
3
3
3
4
4
4
4
4
4
3
3
4
4
4
3
3
4
3
3
3
3
3
3
3
3
4
3
4
4
3
3
4
4
4
3
3
3
4
3
3
3
3
4
4
4
4
4
4
4
4
6
4
4
4
4
4
4
3
6
4
4
4
3
6
3
3
4
4
4
3
3
4
3
3
3
3
3
4
4
3
4
3
3
4
3
3
3
3
3
3
3
3
3
3
4
3
3
3
4
3
3
3
3
3
3
3
4
3
3
3
4
3
3
3
4
3
3
3
3
3
4
4
3
3
3
3
4
4
3
3
3
3
3
3
3
3
3
3
4
4
3
4
4
3
3
3
3
3
3
4
4
4
4
4
3
3
4
3
4
3
3
4
6
3
6
6
3
3
4
3
4
6
3
3
3
4
4
6
3
4
4
4
3
3
4
4
3
6
3
6
6
4
6
4
6
4
3
4
4
3
4
4
4
4
4
6
6
4
4
4
3
3
4
3
4
4
4
4
6
4
4
3
6
4
4
3
6
3
6
4
4
6
6
3
6
3
4
4
4
3
4
4
4
4
4
3
4
4
4
3
4
4
4
4
3
4
4
4
3
4
4
4
4
4
4
3
4
4
4
3
3
3
4
3
4
4
4
4
4
4
4
4
4
4
3
3
4
4
3
3
4
4
3
3
3
3
3
4
4
4
4
4
4
4
4
4
4
4
3
3
4
4
3
3
3
4
3
4
4
4
4
3
4
4
4
4
4
3
4
3
4
4
4
4
3
4
3
4
4
3
4
3
3
3
3
3
3
3
3
4
3
4
4
6
4
4
4
4
4
4
3
4
3
6
3
3
3
3
3
3
3
3
3
3
3
3
4
3
4
3
3
4
3
